
# This text file represents a blade shape that can be imported into Ashes.

# Name of the exported blade:
# S809
# Description of the exported blade:
# 

# About Airfoils.
# The airfoil names must be found in the airfoil database in Ashes.
# The nickname cannot have whitespace, but other than that can be anything.

Airfoils
# Nickname	Name in airfoil database
1	Cylinder 0
2	809

# About Blade length.
# Blade length is initial, projected on the pitch axis. So, not necessarily the exactly the physical ('measured') blade length.
# Since the blade length is given, it is not necessary with an aerodynamical station at the blade tip.

Blade length
# Initial, projected blade length (m)
0.25

# About Aerodynamical stations.
# For each aerodynamical station along the blade, its shape properties are listed.

Aerodynamical stations
# Position (-)	PrebendOutOfPlane (-)	PrebendInPlane (-)	Curvature angle (deg)	Twist angle (deg)	Chord length (-)	Airfoil nickname
0.004167	0.000000	0.000000	0.000000	41.423254	0.030000	1
0.008333	0.000000	0.000000	0.000000	38.875256	0.030000	1
0.012500	0.000000	0.000000	0.000000	36.283397	0.030000	1
0.016667	0.000000	0.000000	0.000000	33.740306	0.030000	1
0.020833	0.000000	0.000000	0.000000	31.315426	0.060000	2
0.025000	0.000000	0.000000	0.000000	29.052504	0.070000	2
0.029167	0.000000	0.000000	0.000000	26.972863	0.080000	2
0.033333	0.000000	0.000000	0.000000	25.081175	0.100000	2
0.037500	0.000000	0.000000	0.000000	23.371284	0.124112	2
0.041667	0.000000	0.000000	0.000000	21.830907	0.111701	2
0.045833	0.000000	0.000000	0.000000	20.444938	0.101546	2
0.050000	0.000000	0.000000	0.000000	19.197547	0.093084	2
0.054167	0.000000	0.000000	0.000000	18.073403	0.085924	2
0.058333	0.000000	0.000000	0.000000	17.058303	0.079786	2
0.062500	0.000000	0.000000	0.000000	16.139439	0.074467	2
0.066667	0.000000	0.000000	0.000000	15.305446	0.069813	2
0.070833	0.000000	0.000000	0.000000	14.546348	0.065707	2
0.075000	0.000000	0.000000	0.000000	13.853432	0.062056	2
0.079167	0.000000	0.000000	0.000000	13.219120	0.058790	2
0.083333	0.000000	0.000000	0.000000	12.636825	0.055851	2
0.087500	0.000000	0.000000	0.000000	12.100820	0.053191	2
0.091667	0.000000	0.000000	0.000000	11.606125	0.050773	2
0.095833	0.000000	0.000000	0.000000	11.148397	0.048566	2
0.100000	0.000000	0.000000	0.000000	10.723846	0.046542	2
0.104167	0.000000	0.000000	0.000000	10.329152	0.044680	2
0.108333	0.000000	0.000000	0.000000	9.961403	0.042962	2
0.112500	0.000000	0.000000	0.000000	9.618035	0.041371	2
0.116667	0.000000	0.000000	0.000000	9.296789	0.039893	2
0.120833	0.000000	0.000000	0.000000	8.995662	0.038518	2
0.125000	0.000000	0.000000	0.000000	8.712880	0.037234	2
0.129167	0.000000	0.000000	0.000000	8.446863	0.036033	2
0.133333	0.000000	0.000000	0.000000	8.196204	0.034907	2
0.137500	0.000000	0.000000	0.000000	7.959643	0.033849	2
0.141667	0.000000	0.000000	0.000000	7.736051	0.032853	2
0.145833	0.000000	0.000000	0.000000	7.524415	0.031915	2
0.150000	0.000000	0.000000	0.000000	7.323819	0.031028	2
0.154167	0.000000	0.000000	0.000000	7.133440	0.030189	2
0.158333	0.000000	0.000000	0.000000	6.952531	0.029395	2
0.162500	0.000000	0.000000	0.000000	6.780414	0.028641	2
0.166667	0.000000	0.000000	0.000000	6.616476	0.027925	2
0.170833	0.000000	0.000000	0.000000	6.460155	0.027244	2
0.175000	0.000000	0.000000	0.000000	6.310942	0.026595	2
0.179167	0.000000	0.000000	0.000000	6.168369	0.025977	2
0.183333	0.000000	0.000000	0.000000	6.032009	0.025387	2
0.187500	0.000000	0.000000	0.000000	5.901470	0.024822	2
0.191667	0.000000	0.000000	0.000000	5.776391	0.024283	2
0.195833	0.000000	0.000000	0.000000	5.656442	0.023766	2
0.200000	0.000000	0.000000	0.000000	5.541316	0.023271	2
0.204167	0.000000	0.000000	0.000000	5.430732	0.022796	2
0.208333	0.000000	0.000000	0.000000	5.324429	0.022340	2
0.212500	0.000000	0.000000	0.000000	5.222166	0.021902	2
0.216667	0.000000	0.000000	0.000000	5.123719	0.021481	2
0.220833	0.000000	0.000000	0.000000	5.028881	0.021076	2
0.225000	0.000000	0.000000	0.000000	4.937457	0.020685	2
0.229167	0.000000	0.000000	0.000000	4.849270	0.020309	2
0.233333	0.000000	0.000000	0.000000	4.764151	0.019947	2
0.237500	0.000000	0.000000	0.000000	4.681945	0.019597	2
0.241667	0.000000	0.000000	0.000000	4.602505	0.019259	2
0.245833	0.000000	0.000000	0.000000	4.525696	0.018932	2
0.250000	0.000000	0.000000	0.000000	4.451389	0.018617	2
